"","baseMean","log2FoldChange","lfcSE","pvalue","padj"
"NA",NA,NA,NA,NA,NA
"Glyma07g06710",6.51411720275717,1.22890081327994e-07,0.00144269285398378,0.960326189067043,0.991995413941857
"NA.1",NA,NA,NA,NA,NA
"Glyma14g07700",300.733262253518,1.57639728099609e-06,0.00144267025419785,0.794648598455381,0.956810625700934
"NA.2",NA,NA,NA,NA,NA
"NA.3",NA,NA,NA,NA,NA
"Glyma17g08660",91.662648990735,2.07707118967559e-06,0.00144268767792651,0.39451886880724,0.816801000481568
"NA.4",NA,NA,NA,NA,NA
"Glyma05g04020",72.4093308337855,7.44482129646861e-06,0.00144264264810848,0.979267876030254,0.996169727495612
"Glyma06g17940",346.696597027937,7.68784819959639e-07,0.00144264150320462,0.652308962345034,0.917010722068603
"Glyma10g08210",234.637088825274,5.80148477484356e-06,0.00144269479505058,0.0818379317991235,0.496898108164526
"NA.5",NA,NA,NA,NA,NA
"NA.6",NA,NA,NA,NA,NA
"NA.7",NA,NA,NA,NA,NA
"Glyma17g03840",12.1755061526369,-9.36802831161428e-09,0.00144268763454003,0.492362685413638,0.860152259560785
"Glyma17g03710",213.363028135588,-4.80474460428734e-06,0.00144264127668968,0.423878135114716,0.831547350725371
"Glyma09g02220",0.566362187603932,-8.99799057808287e-07,0.00144269451130708,0.207182711049427,NA
"NA.8",NA,NA,NA,NA,NA
"NA.9",NA,NA,NA,NA,NA
"NA.10",NA,NA,NA,NA,NA
"NA.11",NA,NA,NA,NA,NA
"Glyma15g13640",262.684590253074,-5.33180063782775e-07,0.00144267618215457,0.88242266433963,0.976376130609878
"Glyma15g12850",115.803894660928,-1.71023967221939e-05,0.00144273357036306,0.236085645814485,0.706797383794497
"Glyma02g07200",221.210702060441,-9.09842471855439e-06,0.00144266469777813,0.0398863644276907,0.375845847751294
"NA.12",NA,NA,NA,NA,NA
"NA.13",NA,NA,NA,NA,NA
"NA.14",NA,NA,NA,NA,NA
"Glyma08g22610",11.4226419307082,-5.21476500085908e-07,0.00144269139475802,0.748652258707647,0.943590528246949
"Glyma08g16220",117.613045657375,-1.83551276291611e-06,0.00144268414953571,0.473496521321638,0.851732682376405
"Glyma08g12460",310.705842308942,-2.14450678146571e-06,0.00144268786268756,0.433939177012399,0.836095929211332
"NA.15",NA,NA,NA,NA,NA
"Glyma12g16720",0.897020778854328,1.05731601338838e-06,0.00144269465075702,0.105202227056756,NA
"Glyma16g00320",9.11013167574406,2.38114034784233e-07,0.00144268627033409,0.34350711638151,0.787034356674833
"Glyma16g04160",190.488854124086,3.56963416834292e-06,0.00144264593562075,0.603249429017838,0.901840478762679
"Glyma10g02390",50.6442483295054,2.61329283050073e-06,0.00144265947955425,0.613224450074906,0.904318132876062
"NA.16",NA,NA,NA,NA,NA
"NA.17",NA,NA,NA,NA,NA
"Glyma02g14990",17.6526454474028,6.2203762246386e-06,0.00144268779602287,0.0535652445831191,0.42343410024164
"NA.18",NA,NA,NA,NA,NA
"NA.19",NA,NA,NA,NA,NA
"Glyma20g01210",6.1361678651931,1.57143066852239e-06,0.00144269288536604,0.254681682421289,0.722368039824247
"NA.20",NA,NA,NA,NA,NA
"Glyma14g10600",111.398814084831,-4.05202697792116e-06,0.00144268425794102,0.204520530366501,0.674864233399784
"NA.21",NA,NA,NA,NA,NA
"Glyma08g18650",15.2450015489326,1.76871122569292e-06,0.00144268389770781,0.688258527893601,0.928090457807254
